# mongodb, TF, 30000
sq_1_mean:  {0.05: 0.6288888888888888, 0.1: 0.6277777777777778, 0.15: 0.5955555555555555, 0.2: 0.631111111111111, 0.25: 0.5844444444444444, 0.3: 0.5544444444444445, 0.35: 0.54, 0.4: 0.5566666666666666, 0.45: 0.5222222222222223, 0.5: 0.5155555555555555}
sq_1_std:  {0.05: 0.139234015639538, 0.1: 0.14087031072743625, 0.15: 0.13229806414977424, 0.2: 0.14615440845595834, 0.25: 0.14509575382407913, 0.3: 0.06672913739722532, 0.35: 0.06708203932499368, 0.4: 0.10931605554537721, 0.45: 0.035276684147527874, 0.5: 0.029627314724385286}
sq_2:  {0.05: 0.88, 0.1: 0.62, 0.15: 0.5, 0.2: 0.51, 0.25: 0.51, 0.3: 0.51, 0.35: 0.51, 0.4: 0.5, 0.45: 0.5, 0.5: 0.5}
sq_3:  {0.05: 0.77, 0.1: 0.94, 0.15: 0.59, 0.2: 0.66, 0.25: 0.59, 0.3: 0.59, 0.35: 0.94, 0.4: 0.54, 0.45: 0.54, 0.5: 0.54}